1.31072e+07
1.31072e+07
1.31072e+07
1.31072e+07
1.31072e+07
1.31072e+07
1.31072e+07
1.31072e+07
1.31072e+07
1.31072e+07
1.31072e+07
1.31072e+07
1.31072e+07
1.31072e+07
1.31072e+07
1.31072e+07
1.31072e+07
1.31072e+07
1.31072e+07
1.31072e+07
1.31072e+07
1.31072e+07
1.31072e+07
1.31072e+07
1.31072e+07
1.31072e+07
1.31072e+07
1.31072e+07
1.31072e+07
1.31072e+07
1.31072e+07
1.31072e+07
1.31072e+07
1.31072e+07
1.31072e+07
1.31072e+07
1.31072e+07
1.31072e+07
1.31072e+07
1.31072e+07
1.31072e+07
1.31072e+07
1.31072e+07
1.31072e+07
1.31072e+07
1.31072e+07
1.31072e+07
1.31072e+07
1.31072e+07
1.31072e+07
1.31072e+07
1.31072e+07
1.31072e+07
1.31072e+07
1.31072e+07
1.31072e+07
1.31072e+07
1.31072e+07
1.31072e+07
1.31072e+07
1.31072e+07
1.31072e+07
1.31072e+07
1.31072e+07
1.31072e+07
1.31072e+07
1.31072e+07
1.31072e+07
1.31072e+07
1.31072e+07
1.31072e+07
1.31072e+07
1.31072e+07
1.31072e+07
1.31072e+07
1.31072e+07
1.31072e+07
1.31072e+07
1.31072e+07
1.31072e+07
1.31072e+07
1.31072e+07
1.31072e+07
1.31072e+07
1.31072e+07
1.31072e+07
1.31072e+07
1.31072e+07
1.31072e+07
1.31072e+07
1.31072e+07
1.31072e+07
1.31072e+07
1.31072e+07
1.31072e+07
1.31072e+07
1.31072e+07
1.31072e+07
1.31072e+07
1.31072e+07
1.31072e+07
1.31072e+07
1.31072e+07
1.31072e+07
1.31072e+07
1.31072e+07
1.31072e+07
1.31072e+07
1.31072e+07
1.31072e+07
1.31072e+07
1.31072e+07
1.31072e+07
1.31072e+07
1.31072e+07
1.31072e+07
1.31072e+07
1.31072e+07
1.31072e+07
1.31072e+07
1.31072e+07
1.31072e+07
1.31072e+07
1.31072e+07
1.31072e+07
1.31072e+07
1.31072e+07
1.31072e+07
Time:    458.275
Comp:    6.04281
Comm:    452.232
GFLOPS:  1.31072e+07
L2:      3.89518
